Scoreovi za pojedine autore:
             precision    recall  f1-score   support

          0       0.48      0.50      0.49        30
          1       0.52      0.57      0.54        30
          2       0.43      0.53      0.48        30
          3       0.41      0.47      0.44        30
          4       0.38      0.17      0.23        30
          5       0.41      0.37      0.39        30
          6       0.42      0.43      0.43        30
          7       0.15      0.13      0.14        30
          8       0.34      0.33      0.34        30
          9       0.22      0.30      0.25        30
         10       0.18      0.20      0.19        30
         11       0.29      0.33      0.31        30
         12       0.74      0.57      0.64        30
         13       0.71      0.67      0.69        30
         14       0.68      0.70      0.69        30
         15       0.75      0.40      0.52        30
         16       0.62      0.87      0.72        30
         17       0.40      0.40      0.40        30
         18       0.70      0.70      0.70        30
         19       0.51      0.77      0.61        30
         20       0.54      0.43      0.48        30
         21       0.29      0.17      0.21        30
         22       0.19      0.20      0.19        30
         23       0.30      0.37      0.33        30
         24       0.35      0.23      0.28        30
         25       0.75      0.60      0.67        30
         26       0.35      0.60      0.44        30
         27       0.20      0.33      0.25        30
         28       0.26      0.20      0.23        30
         29       0.16      0.23      0.19        30
         30       0.44      0.37      0.40        30
         31       0.38      0.33      0.36        30
         32       0.23      0.23      0.23        30
         33       0.43      0.30      0.35        30
         34       0.40      0.33      0.36        30
         35       0.25      0.53      0.34        30
         36       0.50      0.33      0.40        30
         37       0.50      0.47      0.48        30
         38       0.32      0.23      0.27        30
         39       0.31      0.27      0.29        30
         40       0.15      0.30      0.20        30
         41       0.15      0.20      0.17        30
         42       0.37      0.37      0.37        30
         43       0.27      0.30      0.29        30
         44       0.20      0.13      0.16        30
         45       0.50      0.43      0.46        30
         46       0.31      0.30      0.31        30
         47       0.36      0.13      0.20        30
         48       0.29      0.27      0.28        30
         49       0.50      0.53      0.52        30
         50       0.21      0.10      0.14        30
         51       0.42      0.37      0.39        30
         52       0.71      0.57      0.63        30
         53       0.33      0.23      0.27        30
         54       0.19      0.17      0.18        30
         55       0.56      0.30      0.39        30
         56       0.39      0.60      0.47        30

avg / total       0.39      0.38      0.37      1710
